camera_matrix:
- [476.70143780997665, 0.0, 400.5, 0]
- [0.0, 476.70143780997665, 400.5, 0]
- [0, 0, 1, 0]
